93
00
f0
ff
13
01
e0
ff
93
01
d0
ff
13
02
c0
ff
93
02
b0
ff
13
03
a0
ff
93
03
90
ff
13
04
80
ff
93
04
70
ff
13
05
60
ff
93
05
50
ff
13
06
40
ff
93
06
30
ff
13
07
20
ff
93
07
10
ff
13
08
00
ff
93
08
f0
fe
13
09
e0
fe
93
09
d0
fe
13
0a
c0
fe
93
0a
b0
fe
13
0b
a0
fe
93
0b
90
fe
13
0c
80
fe
93
0c
70
fe
13
0d
60
fe
93
0d
50
fe
13
0e
40
fe
93
0e
30
fe
13
0f
20
fe
93
0f
10
fe
23
00
10
00
a3
11
50
01
a3
23
f0
01
93
00
00
00
13
01
00
00
93
01
00
00
13
02
00
00
93
02
00
00
13
03
00
00
93
03
00
00
13
04
00
00
93
04
00
00
13
05
00
00
93
05
00
00
13
06
00
00
93
06
00
00
13
07
00
00
93
07
00
00
13
08
00
00
93
08
00
00
13
09
00
00
93
09
00
00
13
0a
00
00
93
0a
00
00
13
0b
00
00
93
0b
00
00
13
0c
00
00
93
0c
00
00
13
0d
00
00
93
0d
00
00
13
0e
00
00
93
0e
00
00
13
0f
00
00
93
0f
00
00
83
00
00
00
03
11
30
00
83
21
70
00
03
42
00
00
83
52
30
00
